&INPUT
LABEL='CO2 - H2 avcbs_precise',
ITYPE=3,
RMIN=4.3,
RMAX=50.0,
NPAS=10,
E=1000,
JTOTL=58,JTOTU=60,JTSTEP=1
&END
&BASIS
JMIN=58,JMAX=60,JSTEP=1,
J1MIN=0,J1MAX=50,J1STEP=2,
J2MIN=0,J2MAX=2,J2STEP=2,
MU=1.913,
BE1=0.390221,DE1=1.33311e-7,
BE2=59.322,
IPRINT=1
&END